598497
86247892
17652522
61180844
75058132
80107394
64224088
5522253
71783903
37163570
44721882
17563478
17761196
41437188
804225
74280630
5259748
31954953
30206339
45991636
36517197
45092881
90378800
74264371
53094959
10117493
32265758
90119326
50368314
919237
69849478
19297302
19183591
69197544
52649783
36421598
92708735
83744675
51607599
93012577
62689317
10330924
65411923
37804715
702299
19846673
54571653
5152095
42258979
17056625
91598455
73345700
5524797
5363167
717952
63267948
49298164
37319793
13149594
64650456
77084923
62573098
90466091
43840650
5718463
74097840
10475509
60448320
32403326
85984206
64361839
45104500
30329326
78511024
17295221
67364257
660568
31244329
80345349
37706928
51440528
59449825
85868849
73238849
194292
39236813
34209418
37861216
50040680
37614528
506573
5287247
49421010
72746345
5626097
88011489
58743910
5725638
5090269
39696865
47658668
61894257
10278692
78433297
235674
19152155
93518138
32130687
92684046
71494244
80133088
49943701
17386360
85510232
58054687
79939896
91560650
5349525
37655827
74234281
10836459
75860227
48703433
86864017
286474
5652962
62497537
5228582
210396
78237580
42487699
34234586
75009219
39862427
5451212
17473712
810561
39047356
90344155
80916827
34137941
79083224
64251305
789795
77311223
56773251
65615728
5654536
45242235
87452222
70621081
44601351
67350829
71113814
19159993
38005133
17200292
34218273
19986454
19316800
43479690
5096023
172324
81125180
55809948
17220665
92321591
55647147
43723457
60530380
50354113
789727
48952768
17581344
64298658
62619476
5050055
74090206
67827434
77568896
38358802
63015631
10473755
60064215
45482312
92792625
76652591
46566067
5411682
73229177
19829646
69686935
17587916
79031151
76791937
86140990
85626781
1124373
77613715
64801425
44653198
55963500
19355447
118110
5276313
71638747
530412
73125974
45120599
93485819
19687612
69197656
480564
36664670
34896169
88010320
38819350
57411108
62039830
43245380
19990149
17175363
65339243
51027317
66412106
19702262
68059218
56600273
59662539
830284
42525019
621146
5670984
19916759
504270
19884972
40559322
58922346
5567558
50891966
649019
90571442
75309675
362618
76826603
5051603
63989435
5676515
38217301
73948448
64363568
86364338
36758308
19623100
74802231
19272408
80142537
17148511
66851591
90551505
47422600
63695135
36171102
53036923
5159160
119583
76992669
19612224
19015669
34372722
49872539
19741082
10774800
17458908
18059987
61685845
84912943
49863495
71457348
17810324
78063435
87115656
1034617
66371187
46568683
58368814
36155792
5600073
80221455
63511030
91520787
45188040
879005
5133714
5081028
58744662
57547363
63033358
39386113
17148358
34786308
37587968
30396773
60327104
5578009
17699133
40487312
61560913
60175037
17465966
62059673
535621
49761931
44374944
74610736
19908595
19643951
92724398
87534059
91729996
10791548
239097
87948824
19427601
85189939
81236251
81223808
93066918
39738081
19967299
53041144
71747659
33144698
60198894
83928480
4767012
848935
773299
38072738
46744690
49623999
46471693
348254
627996
76334523
52284245
19399594
72401483
10614713
51676771
83255774
5307135
70478389
39325226
76280463
5047713
86959230
1126851
70676882
66519235
90140303
79249815
92753168
54562576
5078934
48879536
93053040
46983767
5072367
19035961
86366226
46011199
73844401
93938181
72991537
53117398
46189444
229808
13084084
56592415
87704949
58159535
46720266
90019593
33263230
72837700
42670213
72417556
68731282
5196892
17456639
5193922
55875856
35943161
5674612
74995894
90421493
46910241
65085162
40501171
30218032
37581867
40882076
19917100
33886876
185979
80893981
17291222
47471624
89696299
43255168
88229219
38046828
5464809
44845135
42557981
66701242
90440156
17357035
5200598
51483920
19519292
17086318
45141711
5254509
83787524
8795601
10266774
81194330
92618719
91477257
87331265
56766598
60752766
68406411
10207777
54667340
49245628
58735809
10266464
75238666
93501774
343900
35919162
93826710
56083444
84741135
19268734
39264421
91566589
44985310
33560073
41642852
73681747
1135817
86181250
66292282
77209598
85663217
31776163
76163807
90025676
78882884
17163496
5295200
90389656
87271045
39931407
10111315
48754155
35135461
54412594
87775291
53880202
5667188
17678464
5229098
54997693
5455955
17781341
5112925
81367933
1139517
82456693
37940327
17122970
19424806
220433
68868504
480022
768408
83078540
590555
65788887
35104352
17265727
91963613
62599856
88590900
90393390
35264308
36141744
55360116
77328280
36123038
74129205
47735107
50624762
39582659
37747770
47734778
43192136
17441363
46736393
79201782
19643431
838286
90589384
68428641
70281191
5383252
39374503
85270005
83231643
32944061
5206129
81575963
78695823
92695316
74976773
36743445
67352684
821881
72773982
84859045
44301687
17396494
50021648
82864515
48696480
1005195
81011856
83823089
19329628
5014039
5399715
19596044
5369102
5160668
66165124
38486732
41264526
45304438
72634082
55858468
665574
63478468
93463138
73936108
76053951
62225055
34682184
92793499
39073787
42398113
45120543
5233155
85073892
90450384
50006094
81836732
52215173
93109500
60094417
76830446
33620086
38182998
36586606
53496737
338676
34065417
58226149
770890
5023715
17253042
32130348
52478654
34194116
17625554
76569520
19820309
355639
898056
55652784
386493
86365662
48797896
252760
53960339
50257312
87675155
43670220
47899999
45570542
5529258
87076541
79501602
71231508
5579747
55399233
5575708
1033015
47521533
32416972
48721175
19213165
90531301
63056687
17511028
59072635
5264045
86393088
50417502
47162112
69735591
39931794
70141734
80587992
39426357
31282520
230848
810306
17804528
37617566
17415331
90324246
50640480
69350827
30567718
5300594
79870798
40425082
32142671
17612709
5254208
51323565
210842
163810
19753122
38749167
17483425
72350513
68020265
13098710
31145181
87895892
64776911
52174803
76483038
84110895
229023
681342
62716917
66730136
571126
42183818
5188418
69052794
52490837
17478854
65681143
17090238
17616595
70823331
92994868
67651603
88208346
38749522
17373438
44659566
17565660
5331111
856206
53896046
62253666
39525046
467063
38944526
42188110
51082979
74633434
364303
83455447
19098900
5314657
68970082
870912
57546496
35047995
75622910
84320128
33174043
80395126
730369
273680
5033504
61649771
58852737
35781176
19547465
53467151
17559968
65953834
10425576
41290136
5117701
5168373
40513012
37318377
90330652
84483006
19424893
17680234
36998818
50122841
17593819
82131950
65817703
19586105
49567126
55613567
76650052
78242341
17371793
61891427
38173855
5612178
91533102
66248693
45439519
5241667
64720581
58113986
5541021
90114014
54687883
729210
46715129
5566981
50607412
38964694
108828
93681839
506119
63129063
69475432
5167198
10435292
91630452
79900746
150410
30041355
68794685
35354802
593595
17215044
32984798
91645384
19810488
78866358
34639992
17602333
83881562
31138103
47832294
76308894
5648265
87933569
73550739
65864294
92782675
19444630
82680859
72416582
5170797
66704159
30240749
64687570
5457514
87619127
88690197
51289069
19046413
5373251
49422779
5309540
93520746
68054410
54851081
37841873
940743
44605707
61044633
41533345
59661406
88348886
41937023
5418873
679230
76601841
88861874
19098700
93696989
19444070
41734296
58855669
53563571
43441465
50681059
54337664
71982373
43873403
91452289
17089746
49567495
66682122
19581071
64104068
83608865
40777119
36902697
68686583
17341699
17493161
63811426
39198088
59472960
10298542
61708669
5506793
35310619
787014
19142547
789296
89098264
17288558
13037049
58184030
55745215
5504916
5566997
89940055
88751639
87570884
5140677
39235244
70982454
196105
58563867
1000024
63337004
53163921
69818247
739287
89634647
10200929
5146768
67709628
19398796
86369686
10330349
61139209
32105254
62883322
17280475
17067673
17530509
91737216
73237561
31345500
73573371
5642593
54771502
66346604
82383417
739833
46287498
57663870
47161718
46579721
60462655
74611571
38847535
17066054
71065555
51578578
60987073
5126962
74455047
5592840
79496383
34674141
66575825
40202557
46934574
5009765
77501411
48208308
66293465
39706745
54782471
48898098
79733484
19586820
1119470
55276193
19384325
91982733
1114826
64231958
31480311
1978565
17680536
55688332
5135086
61972774
47303066
53515963
56214514
76197455
50654053
17093096
92959072
67010227
19146256
17307076
17273064
17198801
35678740
88124990
17568667
19189924
92891094
64695964
30085028
56390534
78640811
67149537
5587187
82550856
13116651
81832418
17124844
41761203
77026368
735171
50482301
30248046
43252948
19774408
84244428
945132
62592570
62724031
69671307
85888201
51789556
19041465
82476593
77053984
42749745
85969633
35987906
51420971
55509808
67593642
9996565
81586345
67747292
567740
38389456
10292132
17457418
31946534
83743470
808368
40909865
30674941
40429926
70880523
47424365
85138865
31494401
77092573
66907721
49434190
93345008
41766216
51404689
52165998
92718590
32577402
778649
13007778
90044973
787116
31871912
91686289
30172510
39280430
32489306
608992
1054310
17536901
77277481
84720828
72667716
36266173
72954917
212092
37464414
83578651
253230
39596982
71755772
679331
5725549
5269637
17590462
72817500
849256
91656421
75536191
5150699
91998216
55124204
54648010
90430841
53386120
891193
73317248
46832250
63159576
308701
86545643
64824261
62057893
64771761
17340632
49298626
41465447
71942136
87424017
65091039
77864350
19633806
74852715
43925207
17428848
19996760
19193477
34893246
5556243
87405984
33267251
65721457
59176238
34234532
91610863
78765626
47035608
30832323
17329202
17170324
17116647
57884007
57633488
19575473
80013495
46292841
60863407
19054042
68708739
19217441
19342841
17182848
17494859
10307401
5629529
55623336
82911259
89014587
411791
65446780
247481
81832478
75150301
610383
83322655
36511717
47145250
10378987
87279182
68449176
84913495
85849630
40171504
31295648
80022050
19291654
51787967
31321352
10958931
60905834
19996208
73868546
35907030
60602343
64856531
5425437
687714
44260334
60985629
17250575
93112351
17114585
72451923
33603577
5463539
13021292
850609
93600321
69493315
10316338
88193504
38256499
51539010
19994954
333674
41923010
45407944
89751262
58501515
68496196
895271
62176166
93719811
15010154
46346884
17493071
356730
62127323
30057472
57840962
67698742
17641857
59784879
19676132
70698625
57107376
93406484
90321461
90315385
46426196
30273940
48575202
39617550
30815084
36930643
54863796
5147267
47750082
10306533
10125633
61133951
31900265
92034073
75190054
47469904
63519941
90206161
33609058
53006791
47326561
44021200
51668552
63157992
19215507
39861879
5621232
53533936
44287153
19121058
85695500
17801972
17356339
41398268
3114750
81368241
339590
71918347
55922113
5123804
51059076
56571900
5428847
66711294
31882145
56195788
19056345
56341358
19461361
81289478
81172242
5099587
80281953
46530241
863721
59714321
71831149
41690424
49980734
34267009
39832451
73836156
92969398
5520287
34711520
5144277
5179392
50537428
82549753
64156417
91680131
678070
81637332
71204962
920921
19244528
10757377
82481152
5249457
84733031
40215658
50947338
59238618
32814515
5093609
31531990
59541399
5282766
70412622
32773399
80432352
39389635
90099156
228934
68813076
93250070
33069787
39575289
79050416
45372943
38227370
79866713
80671322
5100006
36026804
17690666
62191232
55587857
239041
5216345
747747
42592468
48059196
5158620
88439692
5382041
19263677
5017611
10576669
52109020
50723070
19182204
74264867
46536349
50966379
838204
972456
32016261
45994678
80180402
43538744
40425865
87830514
51009116
30780478
75046074
51452184
49322532
19304389
70047851
79228440
88856305
49384249
857481
17340157
19164357
19695429
81777801
19772841
72165696
19444293
10973205
750145
88869806
57518208
93563649
52537247
17685548
84707015
36815054
5176001
5237739
55124014
10710407
37763524
37065858
93017558
38854627
68486576
31975437
86721325
31234125
41104275
91494714
5003046
54044975
67381821
5143421
49765093
65680715
41148484
83770530
17728905
92757670
78169169
19659128
60824195
74371078
268979
79572670
30817218
46437285
61873121
19394022
68634814
86867614
41600540
52322030
84061304
46806429
67926133
76054758
10886889
89033431
86423523
5453976
81036981
62324627
86760191
19916826
85824126
793939
69492626
48923334
19312959
988767
88225165
83805524
84807066
10478494
412953
19964568
69468839
73462999
19996945
36043489
17087811
67431355
78668619
48956472
10168310
10140915
39690921
79620143
235041
13033566
53299398
39413373
93359824
316238
45706919
34045297
701753
889936
33480734
72828451
5592650
13108311
80650514
37162079
5063560
35266650
75979963
78130361
852329
93150876
91685723
89316226
71475226
10388517
89722405
93768963
53140315
17317798
36953331
5664377
10443110
69004205
81385193
69326891
41490626
17526666
13083257
60410264
85061370
17556586
91698018
56015723
52995154
49441972
63828137
19754540
55352650
34402404
13062754
83409349
19396836
81881550
34536801
19135713
68521801
33033770
5659012
5236064
5090833
5511546
167106
757088
56206848
84407194
19101607
91491257
37671593
3342831
51829616
69925533
73564539
42923821
5074437
53066811
75597651
68605930
41743700
18044172
82663276
47393663
84444789
35480833
17739234
5105777
19153921
78638976
43153044
19803519
84318705
47655087
75042005
52803107
74253651
49646767
19519376
52121208
72616389
65013494
45817831
19951186
35870919
58208123
74511774
636385
64599001
1116865
17706060
76814222
71266645
34749253
89963861
19621106
19236533
31638502
10309184
5290251
53279880
88598066
19120385
10809827
77675063
19930530
86458296
5309591
65125593
5695436
62037951
40637273
19634260
55389172
37965594
60790952
45290612
50386825
79546275
79475626
58876254
31670129
64188844
58955689
10960362
57564745
39883000
68676524
46064351
17570164
92797767
90525300
75440927
17127364
5572105
45365044
73903276
80536428
47957137
361953
52772586
19349058
955492
43953606
60471924
1113860
65622415
893443
48747846
79585768
68292023
5527180
69350185
453641
1013060
40378614
17287044
86282504
52171675
64019410
8295582
77397178
38281105
10926443
379837
13100710
51506896
19197374
699026
45556566
81733584
79293139
44251975
5043620
64139364
19107643
38674240
814388
40619944
88242018
90551248
83493154
17468800
19079263
43692982
56888167
73760757
167080
71893431
90041629
72524303
19304772
93026149
70992406
43106849
948620
31316775
37799673
65251501
45387773
19993147
67450182
56715051
85397229
80370916
43403212
82269822
19960524
76358038
62557046
17071945
74019489
60850490
12258
37839349
5533396
53033395
19256451
31462460
337611
883064
79844964
79448975
85287092
19264651
73635429
53817165
17774251
77428002
48711547
37606220
41346529
92863233
61679363
17090627
433853
76240226
5298436
48113163
91522439
17082332
54536471
17257822
90522774
65172057
63882299
72472385
5164936
19021591
10343676
17198436
61588808
68401842
37490092
19810191
5650354
47025832
19594512
1050181
17614975
152588
5323044
43224459
19022411
85898326
83689863
86617730
74725171
19770639
80621869
5061896
30664213
78509351
73957807
5106817
314159
68165353
744818
36049616
249545
75510270
40988004
65223721
47950971
10373117
5265923
56099872
17668126
35200836
17474380
58902430
86825398
51965618
19471254
17106934
32269977
54061189
56939538
41896685
19725809
75948238
81254698
45453807
69460915
864853
598233
441222
784021
33654310
39156925
82182862
91510429
41060161
88696281
44805266
5486408
38198225
60772949
42498320
44922878
702679
64800422
47692015
33792295
17340304
17601406
17663198
52818197
17370622
19121306
49702356
40191221
82583488
17121480
80291192
5509139
54300522
789199
92920667
89380591
19650008
90517279
33401946
72343382
68004245
5272480
457447
30258347
32527293
2005238
75356242
31858003
89892457
93173084
36246550
341387
64457398
81034953
43051466
71094447
76329522
88136354
80879105
52333012
63687442
81596523
31818398
361956
78588159
68584518
35591472
155513
5118473
84651818
65949060
74839894
52048434
5350826
86847215
479538
455000
78114866
33436312
41900929
82392593
5041658
83930046
36404644
71187512
5469043
40245081
90145285
1105321
62387090
17550891
57338435
30191030
91458730
60364444
47828095
51066177
76075398
81573276
91548065
65770634
32384185
19069421
44113852
486963
53579148
55093612
38119789
17462247
65954397
81993556
93343602
5080328
5126194
5463907
19304122
33992383
71011759
10169108
39201203
92719772
43720419
84528440
17075977
52802349
75746615
72264298
5603020
46451423
39406979
51053547
69673133
5400813
19996920
1112678
79828054
449303
19937217
41201349
19947837
93157798
67248781
37551713
265788
41712065
88558496
323247
37987399
39414936
32110245
59406093
83863789
10569464
46329026
78061178
72918280
31506915
50709637
19130209
90172010
48352676
76340830
59671971
54940110
10574346
5033437
19461202
17549868
1105640
55614154
53533289
5523294
33919804
85572287
61502725
65720178
74319347
88404137
93039692
386231
81960436
41665506
35645923
39550786
10703680
83164025
372786
1006180
64385905
19157844
48416823
967696
18200198
395869
88758303
46971826
13133776
53658470
32908046
726789
17774723
5709282
10725444
87965423
60406495
90344312
35588973
74808008
86001240
59411114
17369845
17696335
67725900
82072576
42995279
861200
218336
53289482
64483933
75099452
19565255
31263118
93092011
90609649
47458142
46247490
13117455
33606825
64499064
17063078
17263807
79462279
88583383
558541
92807107
30443095
78332827
40969921
87072394
66394921
86993482
54178905
17636494
775384
5367336
75131707
62241516
71508036
47713953
42194661
19791178
62491259
13009690
5691554
17652386
69417135
19425988
10752543
71125385
888517
31351646
2538600
240534
1949180
50358749
80388962
75389633
56077059
59709073
88325947
17441755
44702772
35215824
51233248
67138820
73835134
39695232
5432563
72079659
19635217
44570761
60623935
161692
369050
30067764
293219
768134
39265921
5256888
17514249
503651
5517027
35420967
56364180
81842936
5453042
84423741
32206051
45158339
81758390
17510895
19546000
13087496
13193
56125131
19557630
69624921
19160203
58445986
43229043
53629604
85196965
75579721
86180177
17620527
55350495
60229364
81604872
84892289
19009824
55642631
71823881
92902299
63500977
19643178
69429032
71558870
10186812
78498609
17634944
692766
5304117
59750902
63209149
66770635
73225375
61864503
19028503
31661559
5636134
70403214
82319705
34668714
91577544
37009460
19261172
53409869
61614755
87826373
51376732
76776874
89198341
10423333
17686005
62837396
93054626
51705193
31562168
71492939
58920354
17652999
48017965
38321316
913273
19950688
9604175
35713844
5468333
53460107
92483621
40611346
65452398
88446713
17489883
85697230
58602935
17117610
71756087
5125985
645399
5043258
66903462
78629954
89198692
50293570
67905263
70865953
75554260
40517321
51188727
49598496
43504881
202698
35114727
62890045
83882848
5261601
36662350
82145300
48727415
46667120
50442499
59460156
72770267
64760377
365098
75425679
34252450
56406027
51634286
31437124
74320880
85338212
73132753
17445479
90346633
19621427
51192278
17065605
44928073
19577527
91451491
48605307
91717229
10271170
5379853
86771792
17726923
636112
2163294
45270131
75119676
90028609
19989296
47248679
51051589
35835852
88683780
64618847
17585463
19119786
5479028
70675717
53165999
17375119
35750733
19170764
51108945
10499081
41447376
73536974
36522846
5200316
39209775
75291288
36582498
17359060
11085951
67805646
58388133
47213305
91453510
40161661
36292924
41393915
62217147
49400751
33823354
64899377
36717373
489847
91510105
57558627
54597288
92744260
19181756
38260178
30562696
47747150
89048187
66153182
19300491
897081
62670441
78144619
60968922
64382045
5338635
636229
33690238
17379596
17176089
760215
39866782
70775205
90349393
90136719
65933730
35176706
33793838
34270094
52516367
346643
68794100
35523150
73902119
10378657
39866931
32633969
256770
48239108
39921693
64538242
18200063
19432282
43603344
73482108
722343
13058615
35311214
30293773
17668539
83138701
88219344
76579127
45828426
90341815
19700424
49642342
331528
56148954
587120
5024108
62949903
90120772
93925437
19592468
89118465
93831311
52663513
40846969
38973466
68324342
33747175
86595527
88738155
79881327
5001894
59705605
75357906
61719689
72862684
87654485
1094298
19285419
90184163
82903341
5755901
2029273
44433005
52049213
93413097
59168512
72173595
65422601
45693756
52839583
87140268
80353055
49638890
62514359
82205767
19109891
79961502
17654924
535185
889434
42172737
90316750
36275096
39868195
10697731
82666078
64746474
1149446
38688007
41885270
19426161
5254547
10403306
955964
93574675
70111151
19463641
87598051
78027443
17262052
79622934
45230003
17063781
48208901
93286655
34832739
88419273
65836787
80550718
5700678
47696056
708809
678524
57077820
82070687
19650755
17793893
58374359
72518774
90473335
88398539
45847024
19147236
88395106
17738558
45988607
53776611
40295095
89300334
19349718
40212820
520540
56127506
68958625
67830242
64596729
47657602
34123302
80309890
78393555
534467
10721629
70945748
437651
83512055
74940708
443961
5313039
76894362
61614109
84501878
44497063
19098504
92715448
246870
77893342
19364992
35588246
91607197
91708053
71468154
35899495
32325786
17501161
36036867
17436847
10796582
31928799
68086058
72446066
35905533
5058112
19895487
44576366
91633633
79509192
45271359
661126
5136884
67596167
207609
86131734
74993427
75712937
61253655
5465913
5142533
62639689
43857875
87133345
427231
737122
17441701
5005305
79131594
276090
19712748
70986649
5086563
1000767
35221150
56082962
32625411
5549175
913759
33635813
69574061
69769791
93723882
10605940
695461
5156825
51808672
19192225
86616230
17502838
64166396
49548327
83787575
366095
71768709
12041
498338
46684213
19375015
33794257
90551999
93272335
34423759
19958843
90417103
47142494
92886151
84919550
958948
73060209
68879930
314593
73403540
54727510
51317360
13005580
90206380
84498010
5596274
19876803
54150295
10699918
1106230
56142520
48821753
59565817
17705886
57309671
71201545
73634030
59936043
17728099
10332884
34043483
39697236
62225316
19606109
55783080
35484248
30105342
17051891
48247913
35595175
19942449
42421965
17362143
737599
71563582
17704067
77378753
35804575
47182830
17658860
19616926
33287130
19000729
83335480
65932471
774097
65008584
63987694
68424341
66124735
40950403
45939572
36516383
48413374
17551930
19574327
229097
85253071
43641034
5765138
93460253
41267949
51792668
44724515
17552054
49583637
5562757
280780
36241390
35479502
62706671
39527492
68354444
86934614
35454484
48831455
17469930
78871647
32200476
19431676
93020796
19266247
17057461
82241621
53521919
10915937
73930951
62842775
52941241
10889424
48671852
19489246
69902760
56633589
43553285
17426244
40416741
37376356
955369
17770286
820971
55436479
577090
66409581
34216377
17561699
88145096
17796863
55828277
52913362
482309
44719085
5264020
10172089
19647844
72732398
42729954
143417
5331273
56490912
33810909
19107363
74475101
5580447
61443626
70205303
62007995
59820007
82552463
13011941
67546332
58879098
17508328
48251038
36026140
65672763
50902485
68938175
85116168
72789144
70266529
1225161
19114727
90545176
67216766
60669374
5044761
63212021
48330944
58389257
72023361
58196246
77217604
78270523
653481
88582750
42652978
17249370
71446927
17750413
5169294
78139115
554409
5404641
719180
79485346
5166327
45537888
50194794
17191206
35470760
89380467
71881585
92165896
17433707
61300932
5153960
56613393
17574985
51031996
79036443
39349199
76934537
5232901
65720868
5284682
91532049
43447166
74073792
610616
43365288
63597667
13015206
64928033
480743
17793032
5587169
71846431
81279926
30009645
682387
80267233
52187669
93882569
5654909
11048158
62410814
41359574
48255748
77902048
433303
91535572
68989374
5229080
5517922
40766753
55473659
66802596
51734552
84344391
62938848
91586924
58364083
742886
44832715
87450003
89715876
41361333
38043570
73959958
63092891
54935227
80785256
34268200
59016850
56224925
19037883
76527049
17551987
38626826
5619141
17073531
52463129
37031004
19920158
72671548
51062642
93018890
19201972
85996405
10915560
91668530
345446
17362189
5083180
34460261
79874986
90338456
17392600
57140476
72573125
71190705
82540621
93639321
19084897
56093336
17790610
63846065
19138532
82774539
5395052
53305781
5492792
75982981
71456606
65493641
35427364
62790697
17727044
35064325
268819
60893239
65904891
58918595
64570412
5291576
51530650
59354597
76368519
85005400
616460
80773478
53380100
84907242
437394
89800532
64278872
60808125
59974158
5217222
77886149
83426083
5259557
5654008
1023167
5512045
19068762
47483916
39897203
74817464
5255182
44033068
53030808
74673149
71911747
5693688
36044718
92610413
90379131
5102522
58039425
332355
92913788
92996887
52181383
40111337
19542733
32216776
10511139
90309876
19470655
48932113
80325514
49416195
76342431
70318272
36406163
1033295
82538255
1055105
80301366
34138263
10849156
19180264
493414
74176511
83282799
42734560
76622637
459564
19604678
17629219
67201055
17281012
37510124
86638524
43475359
91513192
73939456
63025858
41491785
10628216
76985784
19456543
80948359
70780354
2779749
32461370
58272777
85862872
45281684
90531923
5116937
56646235
84371096
5251081
61197537
57353290
47930581
30062398
80201128
817132
57262807
31646748
65115878
90615775
72867659
44236247
5567857
62937985
93563172
47441170
81683418
52145273
11048738
64306968
88203971
17511811
79397264
90474579
93653998
17226773
5646620
58040119
45056334
51187241
83338397
39791892
19670655
62592722
5265655
60888696
1021926
55343489
57993589
30422625
47881468
13094185
17368531
5199314
19607944
31166650
17375458
17295220
76705036
5507297
44171010
59974083
80335801
69067214
78481383
36187847
38608729
76980540
78118599
475403
59453929
33539927
70212136
86797152
10605397
5598358
64081838
59568965
34730556
89866493
55122365
35549338
91434033
53942211
47564569
5055414
45653664
17722377
70624817
30135464
658308
87221975
86674777
85107298
89914711
75469548
48313055
84495476
575593
543111
53826312
89289066
93315261
40948178
90596896
54313880
63106355
896241
69539653
36085061
10762831
93425385
42208133
90458466
78382228
49664817
87805859
72342074
66353946
594976
42762520
88790741
19234641
90465282
88498434
5132965
10695685
32851933
86427410
67081455
31423837
56389675
17651550
147792
65515070
77629794
49910501
53706951
52209500
30263682
43000581
19583059
73715776
84591914
86770526
839306
91563472
61254505
55057616
57918853
52559893
60785494
34774503
56580579
75909578
83787576
89970406
76533649
76029516
45397307
34926855
88495159
17094059
1016836
49004248
5335482
72807201
82327863
45624306
1000308
11002217
830821
5477605
53222942
363155
10370290
63212535
1035440
17546917
17416257
17248555
89497500
79733296
66625495
77194703
52572222
272000
988104
90470374
17127068
64764277
50622321
51965370
60868302
947115
50501407
5062792
53543648
10250017
46526062
81159878
19648120
5380712
17432746
17777257
61220051
776584
5624740
30483547
17538424
48356940
5698419
874675
89405458
64051478
5248076
19125704
77417113
66276610
87683315
19753192
71375027
609813
17322792
70200483
17476613
73335592
91957821
43477761
389434
44015325
67046876
64534884
59275605
68842689
69963202
74353661
55673485
4952029
41136775
68279986
1365910
38871166
863395
68525294
51038120
17352470
89455327
710160
81771557
19961355
5084941
88101636
17230359
83322690
77068457
47047318
61102830
5114249
67511962
17050747
10548861
91693813
1369482
64149347
19213147
5043926
85541111
5531690
17450220
39402121
70711479
817140
35852189
84628990
93109653
92707171
52580278
90498603
19953746
91527545
17288500
56160523
606558
35984186
19118587
792422
89484211
89808431
68363983
51258459
48286069
53460913
928768
81007002
44196662
17514654
5638250
5144360
78006980
45104711
83289469
5484703
83890034
19389780
17125844
87583352
50570950
81999689
53778206
55923440
19891863
49662868
17519605
68883371
896397
78571646
5543707
17518611
5399512
19401547
41725730
42123641
79938575
65662790
43282345
84908231
61222058
323687
35103521
10677682
50576836
59928795
76842179
71746243
19132597
86407761
91937512
77794982
17505054
33568531
44585067
49345902
88537947
19131500
67680956
88119977
19751592
53193554
43419020
31585018
76047741
93664514
93286260
1074259
5437749
19468986
33984189
59270854
56631029
957446
82526126
93473252
19399656
168802
30494323
34159377
91531096
83963061
62623792
92014852
17433813
51850889
43046547
39696679
34701954
70858432
51963041
61995037
55637044
19185845
42063963
5305008
43318131
59101864
38960860
80701039
44395928
235188
51884508
249320
70121834
17386376
93165368
58548663
90050210
90527625
78073109
47181344
19780563
42120460
76262560
39543678
40482327
17109949
72813395
73440934
185206
37884781
84307591
75063435
18167966
36221720
53204980
46996650
85900698
88066231
66532554
5237060
78246130
19551605
17537859
85958813
19731650
47426046
81617687
651393
256578
46115287
68681690
58856725
31554866
5231828
1065913
5542219
41411808
5436570
69398093
1054398
54300358
5145305
62538216
76409914
19762939
90552934
45143680
17739036
72097506
655211
76598140
81990446
45445706
77671391
67890240
51791622
69749143
35770133
151468
49242109
17149234
70771814
59871089
52932388
32305611
37137696
79130567
76814469
71839489
85020096
5669967
810894
34759816
39802123
72358684
1060124
5572283
208364
19482405
86416992
46238343
561082
17288371
83938246
78434893
83272980
301925
90445064
76299196
43028753
5121175
235442
30617993
528788
19851228
38205882
63934624
5726357
44499604
87260736
72276599
90468290
34306664
19948397
5759847
10234324
87052984
835195
5462954
17055973
45418528
84628968
5108399
19227363
31136809
46302795
73765897
56025233
5166168
45785707
912078
80217242
17728946
58920312
17057107
5140512
78668421
56497037
89501353
93184085
17337798
69460394
66534081
5436714
47916219
5058129
30124034
79104924
85170722
88234604
39914836
54506475
35574591
5620485
37427530
19301020
33225115
91446831
17595433
41532296
79139675
1005997
42657723
83333944
50364743
5054029
43191073
53858973
19731610
58138348
183836
848205
49705570
59904871
5296722
45165352
229552
19065128
35784589
46592610
51317441
32491744
5636492
40809532
35063263
47542765
17563593
81911081
19123061
93811973
17349340
65479454
61310057
60033564
48073258
59032258
51603848
90350951
83029964
5457475
17561090
54080202
17074517
5395592
17572023
83408841
39251672
5137155
58092274
17187735
78691932
66250914
5397065
64214048
19447656
59172167
61153194
5558033
55350640
64627557
49723819
19192409
31554618
19673456
17526709
57432820
19580984
378648
5106243
31658209
37686811
53313841
87349885
19402238
53107703
67531423
72827298
59679664
51997786
1039405
41908100
51026900
42553336
55714890
31606563
438515
60030070
42388644
90362725
31453092
57298046
93235282
40876824
19179337
5152320
38979455
978128
283133
93855753
52338376
64758873
360209
5570682
10936868
272969
19284800
45581272
488249
88983750
17189386
90338862
10285637
79517307
71588586
44672278
949022
93140183
61637373
41391874
17650143
61655427
47754115
17730074
49223951
37676535
92801152
74281542
50799403
17208672
19745251
19263816
19271777
759038
90397444
5145472
68579018
17402993
34151565
69609612
61795408
35945219
36523662
80379409
17059128
89969301
88507288
93650695
19813460
80731424
19205898
17661303
74726355
38189204
677127
1015259
36859059
45925072
556764
73179384
57479260
68393125
57464473
872742
5568686
64516865
33828680
56052807
5106397
17446231
68112900
58364439
49142434
17533399
5259811
53894926
75637340
34688249
19292654
91701086
272183
39961802
5194625
38371999
91721085
2209048
92879277
924723
2098804
61293285
513105
31328931
17160027
33767208
36226890
55695613
36695204
52009498
56438625
93394823
17377103
17630427
64208088
30243544
90123929
90002433
77427183
681749
69338392
91618812
81544898
78304139
17616876
52864705
17195418
45340972
835766
38823939
73692893
40741842
882645
55895386
19150438
75108412
5089617
89537454
34419963
924972
93255447
73276103
40592669
72783624
60468378
31490887
84698617
59338235
47932802
17134620
17382849
36364498
48029524
818804
60398359
10609902
65578395
5551215
36089301
37910296
10604352
30566387
42021852
10569068
36575891
84024473
19174205
72605683
78873947
10726241
5503085
62421510
92199916
84654009
79978203
17469767
58174775
41769050
63836454
19848228
70335857
77478410
75845351
36836319
17561459
36462514
81122857
56357649
411113
18149716
49975302
55404784
830565
91471439
17648374
49827403
5379646
88440126
10704561
73854758
305219
708630
84611972
83968886
764251
72352917
19991948
12216
80668407
76950688
5068600
88446917
17209530
92993452
43355586
5057184
17571560
86602442
86793777
84777556
35663034
19906544
78566744
60336778
10489573
55197981
41316117
47640757
64530293
48838192
17369461
74094830
68180658
17729860
40804987
38387616
340133
53765699
17279810
65577785
5213864
39370210
71412470
5578414
9683149
90475482
30754344
40177714
905235
47386413
91717270
50426821
48192427
19244984
278774
49560561
59238332
93257875
19067145
81220913
67468882
42324080
86570898
83084072
79870958
19367798
53373124
73457887
67789835
17126956
87594546
81900891
5112747
770678
50312717
5367923
19526709
5516385
327133
46478652
66959512
10830723
83233187
1383276517
5738278
41499954
302499
56848001
5316928
17147334
18161738
61702243
19599480
74235133
174569
19122410
65160097
63550372
90356179
636542
5059685
88755021
58397432
542046
62438340
35541203
52145731
89169463
324018
68179074
86238691
5581088
41975243
42892969
17736355
101000
90443279
17726569
71032161
66286146
82083541
19396664
17768787
42593144
625947
46891193
869551
13018190
91731874
57841102
660952
17411816
31221685
1381100473
40384341
39673008
17572672
19104472
196179
91509274
972739
20022880
84234584
19872370
73711537
85382716
61075241
5325909
92770851
93213105
67801297
695914
88610840
42019879
63217808
195245
40578810
71871010
5275147
80610340
5013584
84879656
90428816
61199468
91793988
5334287
54934608
73983809
52010086
36456403
57820833
46146441
77871916
943324
5216211
92806409
17127087
87183918
36325701
19298198
402423
10593379
43903776
77722312
17128128
54392337
47393574
5587020
77920952
70355444
68561847
51867306
396441
40503110
67069065
19586661
49305935
77170543
90362401
56750433
87276935
68087857
46840468
10744817
61919101
17133786
77831220
10700295
5166820
80508883
13011182
88759345
68347947
19948885
17507729
66707592
748671
93805660
17528738
5205833
57711123
36051370
39480687
88377534
17620987
73654526
57971090
87079469
63481749
37710430
142249
49714693
43978947
5347125
17509471
34513454
10209352
5271344
5327172
722501
19533114
5302276
64162606
19237503
693607
53443581
64964933
5691851
43698542
41131806
70967149
81213548
1800339
36942988
78377069
82233444
35688586
388628
67948552
69118833
92878896
70415923
60392021
67758235
10235729
66235870
85599341
58546094
92273003
93802170
37501570
53318198
93750164
82991655
59561637
75344691
73928217
39082539
93471886
13004131
91521125
40640677
73839136
54688052
54993116
45683684
10721639
34324496
10475610
45470161
89204364
66167584
58559655
45634220
89202483
71168526
19264934
86132180
92837495
1065847
17536586
67293329
33569642
19923142
64677595
39164659
72764440
51932642
57009777
41493550
35859861
17367118
87249557
17626107
37796068
39982682
59088766
341008
46154860
42982395
5228313
59850817
5573608
52971430
45288080
57862511
89326940
5137699
91477174
52840803
978447
75975177
61578098
74437713
56868442
5679484
19001266
779467
10197603
17442486
19712418
80427938
35412623
284047
83915451
71541706
61143206
10692840
75536952
5338249
35746092
92729961
67551846
72501283
82078195
44839614
38038352
89878143
74902894
75178442
1476627
65234940
5225337
19653762
59526247
10318695
47566274
43954782
5642294
44320483
58516032
52074987
700083
87503595
34327407
19321596
72189002
17760648
42705259
54131945
67271663
59380818
49456163
5640762
73238802
17568690
5030085
5145212
43412396
43640183
65632686
60196044
78191207
16016914
82675700
17713893
37364347
35792370
13078307
30749416
75192901
82277903
5434025
86489921
84055712
17390078
61312096
48610145
47860897
88450701
53814694
969767
383535
851423
92983500
62588782
448650
17579464
68745711
58494444
72492047
31926150
80350505
951261
56204823
49128426
42320538
76144426
4151908
19493853
179992
77341872
47140964
50321677
19067582
49870309
80415605
31885499
91464977
10314363
19989001
76080260
68726012
34896371
66145517
572822
56759851
10362853
89315652
5353824
75511884
80825723
90596569
54233451
77077699
13017305
38191235
77716664
52683629
128236
40671974
53321301
178716
92787103
58109852
72710597
440455
12090
50189622
65995295
66936240
48467846
70876193
32241155
53172957
73222195
17318314
44954531
17590501
17267460
52032117
61213255
752088
34679182
19640442
75817558
55489784
17385368
845174
19436072
30538339
60070757
77415348
49548747
31984744
34473953
74309916
5173361
17328553
50753772
828500
93213328
286960
36722941
36924633
70887957
49822526
87013659
65241729
290255
17437165
72564724
87450179
5565813
55417686
91694891
64266910
32401458
43522074
91507676
89142236
19258259
10311851
435636
10823165
89827572
79688127
91499664
50292128
461061
89450396
41296337
928269
1129674
19550274
77201051
65914190
77983290
326816
64367702
86549455
85038588
60096390
584029
5069177
19540438
90540544
68386050
39470707
58897679
43598925
57998946
40831736
60175035
5025297
85531968
83872650
69429353
75022455
17760634
39892367
57921883
33823657
405391
52965987
10357282
68078905
5344948
71654846
61958108
19273461
35081039
17057171
72321003
63702264
91903685
13074747
76231825
951383
52086192
90614257
79301967
19899386
89237708
17775699
36035987
34418242
58892984
83227173
85669951
39686173
60972465
32312722
58960378
31151524
17367399
1644447
84233300
19652077
17567639
83994910
31426630
53442556
57623728
66479295
75213999
17508155
409413
62129292
5617507
93432936
10134074
143184
19155927
64985676
39289850
34807427
77816020
49285256
69206139
17202082
70437367
30638005
33431187
759302
91529798
49579478
46481210
5521559
53130682
90612781
739145
75413025
44429222
18004080
93214843
85467912
13031023
48251344
5056846
31058852
19807107
17652426
41612516
19017547
32227644
31763385
3813173
19831841
325590
56867468
76995714
5420559
32103792
361547
44210339
87924414
5186395
75388482
38245383
55975831
58480896
5737800
425789
10872896
86678625
60382266
40670695
5123865
47783385
41574544
86974189
40901913
55207695
69029556
17219750
133565
44469564
39628140
87328190
19252830
55700041
412864
88587039
73941121
10198111
82346323
10153087
5155207
17468079
75636398
17487179
91517170
44013428
77198580
72853232
19028393
19791238
39796621
46924180
54398928
56450759
19051663
388798
85385993
19080674
55936007
93894092
13064519
17335141
207175
5265307
38117004
64651525
5630950
80633657
59075342
48318529
59692794
53005235
55767938
48198626
596212
19522211
38819849
39916357
4552875
47776709
79672959
693775
17103036
5248369
690179
90206680
78456658
17606730
78441792
17511828
53033135
49763777
51890556
59236834
30015172
17107338
48654764
147728
60719851
63518479
32604085
179184
36217012
51249100
53831871
43832050
17783559
17563460
522422
72793558
17058880
316558
526541
594352
9956764
54615080
88542401
54495519
91659947
10107235
34354200
42940620
89744536
46453718
85201896
61409414
10901363
52546684
875203
88858874
81928271
60959424
86859170
17546543
88577708
42258504
77237838
5682218
50536709
19953296
56821150
19068017
83620475
46732603
60798904
230345
71555801
19993782
40187560
19591737
85829000
65915427
40944352
17435685
60986834
54189408
31873919
93712093
38216040
5233412
34908376
49844206
71258288
17210717
88449480
90032873
89719454
10135907
728510
41850575
79840162
1065017
58000766
59827499
87372349
76618015
46962048
5121395
67301856
70297610
79661544
567073
5080679
10337879
74770399
86562829
47568388
13116456
63759445
79319722
53913834
5297054
76383453
77244402
45979721
63567380
37406952
5624092
644857
43191360
854028
91690454
70269151
85417664
35410224
19740076
46411759
61680648
13050031
67283524
44128850
59581937
82122270
42985290
33043630
80734346
51671150
19382267
74039297
62280345
91772404
17738511
50402383
90482782
60705714
56693140
53050683
59014645
19324171
88687122
30418224
19037464
92341786
76948717
230450
77321025
46374567
19060787
77671772
884155
1016289
93438296
521387
70286046
240303
73649048
49220577
483961
38646513
76374690
80407782
5112389
17460191
42727656
62185184
37464554
42027367
19629456
85596650
87072910
17357703
82326560
84652938
493295
77893058
19465506
5624722
64338540
39695908
54689168
31679529
67017316
5336774
38228088
40981039
62589503
53287672
194819
5537856
19729541
5357972
5701256
64535618
93138051
40358596
19828335
33044780
70203164
57825439
67445815
71904064
69487794
17541847
31177202
44598157
17560228
17331663
75216251
19446581
5510853
1007084
40462960
41868578
45457122
37939456
53140094
66478263
40042742
19280954
69669549
68582521
5044234
52752162
953775
30889146
39237194
89608084
51657409
93199093
336387
62059635
84376229
5425342
84915613
32473122
91787810
40306179
91449650
55572838
35376464
79718113
79778164
17791607
653547
53075898
17670371
36049652
19515026
89697668
92688146
61077041
925051
39908990
743559
82357356
64382931
31391540
77884821
379031
176650
58773529
55685850
48669569
71714140
736588
17360146
37333957
15006933
19238067
210287
19065565
65566293
54147774
74201370
5354442
38651440
17665132
78210424
937358
56330407
70992810
5120515
51161522
32878333
62576141
10253453
63598148
52359072
44633574
1079871
81344512
71527125
220674
19414241
34341388
88471096
18178775
5057495
62955451
63360885
90026586
5356296
43700722
19428251
67933541
82607554
5381440
4897658
5030496
52919847
50279811
588038
91951305
5387942
60315319
31758877
67092333
66569083
903009
115732
5422175
18188543
722504
841447
624906
53239879
85531688
75505886
92618200
78291066
83400846
17199105
69086085
5629299
93224227
44756640
17186153
30827332
65422628
30955989
70236275
19244248
5458880
35227326
78219066
13117454
47817720
34331009
91461320
90505804
87277714
5523693
92816880
17481172
59280010
17589303
65969001
5334863
40182510
77616609
5445920
45982515
47401294
66816013
55492278
17191889
32367113
34809820
65119906
40416523
37042158
10133916
93102250
86858641
85979022
88873669
61012832
56948697
91563971
46361367
69954073
85866277
83961016
88463119
19145875
92829359
30327852
17453497
35010815
55598996
62154011
31017990
54664416
17543512
69310761
72286609
72973594
280075
33083178
19621368
78058218
42799845
58532562
35910925
39741691
45815056
50041462
64163876
62449861
79872733
64163433
5036825
42713039
46179022
50184107
46616625
80454643
57397917
56989283
66698679
921417
5716121
84291552
92353915
17736309
712630
30948868
86806497
82243134
740273
32550539
707564
19185472
73577712
5000048
91716459
42711905
69842267
89814879
41510638
47300608
13127018
16011025
612089
64034499
33990456
44451568
17091309
30250209
17061571
814051
32272562
56705658
86645675
5607351
61616736
5100952
44060221
605857
42432840
65255561
19837452
68677487
5184766
19950487
43280270
79957872
69337581
73410509
84552744
17582350
70470772
90413786
31692511
58327580
58299368
10842612
81764122
5028582
10904291
92968430
19657938
70696642
81472875
3725349
90135531
17529588
60080894
17433026
17439449
86088551
41843629
36349808
62350531
67953939
47582958
39471784
57750900
43359845
19320150
5599573
560296
79369634
71126339
86364710
52328144
49614713
40284298
5481396
17050861
51737578
82290365
17582030
36986218
17799089
17364740
43636194
30324885
89472548
819948
66793864
19695919
65497984
67062755
81533861
55331809
55605314
91460013
1058839
17293114
773913
73807577
827652
812881
60949705
66623714
41797284
11008845
915953
43684186
31921854
17727728
71053664
501803
5826860
17470312
5322395
33372974
5469475
19646306
19622938
71060817
92735646
31916384
46398374
32571405
5164995
17695484
87750331
64102253
220723
46801214
19186301
31022864
69764872
53300264
36729979
241259
75226012
65758096
71021687
2152623
17676262
45916140
38441391
84756426
10017787
84592011
17717940
66230257
19427856
10546731
5133458
52280564
76525837
17502049
5700158
44872364
5373170
17211172
19112422
355115
70057237
10336869
46175847
31985037
67898230
45265318
57820194
19622457
73160721
34429662
5546748
5434636
19929920
65914326
19208194
89889104
5136978
43535762
89443065
205144
53926391
38671397
83750019
89772581
68848615
107982
5640978
66390031
54061661
46931993
67010796
134216
34639307
70322630
649682
68924754
90563202
10207285
62596657
78923454
55908160
5160470
92821796
92835603
46845986
81473732
31600335
38369570
83315314
50622188
5475283
50978900
5524077
827271
5038746
93368605
17714034
85317456
19133517
78932336
90207676
13017750
57325259
69554035
62217556
49813713
19866155
17402325
3163596
19523737
62912511
32108414
10144512
61520035
73371129
39603673
35987593
907404
50342187
12063
47177183
58049524
1344525
57179885
80641585
40546200
32210037
85373958
36732186
50724259
225916
59179201
79657623
5625581
65753828
5427330
60969856
575209
40310421
47245946
42487024
573170
73104636
19294858
66886802
34448125
5663320
39901887
42213348
50938714
69218808
91702448
5230376
39990371
36547935
19859174
433846
53810858
75539951
52601240
75998361
34768960
71116573
88063435
1899883
50846536
242003
66696149
19641845
33456576
80182291
17578253
58952902
17320622
51176330
76151644
19173768
80766709
72627836
88931154
71500074
57319846
75928660
33835526
63955076
5327403
35241274
34301003
66864964
81580341
46359372
87138640
1596028
917066
87388289
561551
75530886
76169699
5689438
91556565
19991880
79925176
82444221
17624647
84286453
30272500
79648652
81910857
17082486
64478479
55843309
31482537
64890712
31052847
55050274
10701143
40790935
57044259
10334945
79395637
346765
965406
80950662
70321214
19856267
89747884
33520893
90190856
79818831
63720233
88594063
71432236
86083174
44646771
5463781
72011411
51163442
32930693
91702663
81455116
35907461
78057318
49755497
50548021
5087847
110600
851697
42092385
17256038
51219726
19833352
85232926
5282011
17748148
17648941
672786
77480282
327692
5472922
32918913
17221087
34232793
82550381
19497115
69485909
17439902
701634
85956334
60911854
73171279
38354087
1211607
46554104
87906886
16005983
47866060
44467602
17070031
52360828
19959976
1093747
60216302
61596267
83912033
36434849
10116497
53466563
57779345
47549080
67313973
377183
65874339
19258864
86459056
47795645
73553968
10581508
46716461
332837
36337674
5029564
33730787
64250689
5065066
19001606
17653879
19219669
19734807
74199714
17184849
33548953
74570421
63962216
10591223
454420
48512606
80937381
19050470
17674455
5709813
5347734
65872109
85396152
51910268
32316071
61643024
68715536
69313310
5449770
302383
53839671
19603780
74663952
93045323
5236165
41124316
68726003
539656
64696650
560601
39353684
83104152
82718653
93741856
19124669
69901538
5600451
107532
39265508
840435
88299707
278106
50449896
398952
85206699
90100691
5136631
70433440
92753343
52661752
45862301
38500961
47649023
56347482
184566
37128736
5608488
19997846
875889
58363144
88502966
31057295
90392514
83295064
30432177
17275602
5534171
42397047
5337663
794802
73765857
64167157
50443243
86610231
61927121
84480757
83374376
72954773
65496453
87120407
90126122
90361938
5018695
56898497
17092306
81644525
61181508
17413953
854157
65135843
71797498
44124436
17537616
81461999
5023846
90575183
47551981
59122266
19670342
36568041
64187185
92701086
17055564
75876939
5070060
19143224
5022590
36110848
72128557
5052935
89263427
83482954
76183792
84403973
38104487
62618079
436398
30239734
41899857
5099635
67608913
19151875
57738307
62263206
41262907
85898359
76934681
5225941
87755569
70166884
32023484
67758980
87195568
5612615
33178919
45282309
87857215
33149642
85205561
58222844
76816587
5773843
92932200
17098214
5172549
19892009
71971654
91438329
50897046
77014254
19864407
56520514
42720259
57904937
45412404
69893851
57655609
48032945
10837899
5215038
46789691
472331
11008962
66333870
36560890
65018954
17504412
78173621
17294611
37838083
42611845
90041105
60230845
30421938
1021085
814346
297211
775579
5043297
62507764
93045154
19136490
17484766
54168275
75427466
41789015
17652108
45150661
5442815
45698819
83680846
73882915
584150
5191130
71545238
19996307
5437797
90350314
19916524
43303193
90193262
61461282
19766352
56256033
62014690
49540476
17465042
51703665
17515646
33869601
40461216
61410877
67709600
41998578
65041507
88030645
19826990
75040854
85270364
5142657
32804949
85647857
66456585
41403326
75533665
93167038
31721101
62321606
47224396
45648082
634157
84158129
297778
90539743
59261618
36480591
82559428
89853433
40621414
80263517
33811325
34247518
33642419
50140541
19992413
41015907
30666267
84027660
83469964
52403426
61845345
90198489
347077
17163878
17673389
90408608
78951954
5094000
38980562
17185791
53400209
51590048
76369596
72778811
47322167
84102998
85852547
142866
42980382
66648876
79740933
74304757
940322
43601454
92848359
56101668
32158897
1950321
57679501
5366732
70622496
44324208
80216189
50920798
89715493
85028044
19131058
74946433
69218291
5524904
63364665
33730482
64016890
41268457
33108746
5115984
520757
75198824
34414297
63156821
936472
19423758
17524157
17683106
32717913
70930546
108487
17254063
75676781
50187020
873108
59658868
75953251
19383072
76927682
30053538
5306578
42291650
35169011
92958712
36896032
34347091
190888
75024546
19447673
32553611
35691069
48154475
44057519
56366062
55357057
65632807
75335506
48485130
17122067
58428556
76437826
90576931
19800322
19500633
5138672
93888933
1044650
10348027
57792081
17596941
38706608
713761
42070353
34472521
17712758
17484093
40216320
86866106
77164723
17635480
88299399
61376118
47735050
19024925
10625319
93015573
65924930
34313392
949751
10822457
81748788
5390294
89999241
40562147
49089652
67459911
17772963
44339521
62339864
88537368
42371760
83415469
58035869
54474203
63259045
41795358
79968074
93128431
13036425
33162393
19169477
68508651
75668397
51021618
64281936
82089453
53642132
1384517147
269559
88560514
93350012
53487106
42937658
76628378
36759789
48611063
19018461
63064119
50494450
69396350
88008397
19347997
20028431
43284744
70385673
62301717
88296963
17241695
54803936
88820624
67430542
1011455
92213255
17486895
80416928
90510515
64838254
85826020
487989
227003
54874863
40142512
82794805
30067436
45028697
52058245
62597817
17678826
31175516
476814
1051898
75703554
77949602
90552396
81627120
51502750
48489979
53019855
19789343
63611765
10344583
75371130
35954622
662215
17348290
48487145
93075286
93343794
38422329
50615696
19466851
82091725
31573115
59575668
80600086
17103459
75435720
39176470
5001832
67385017
57826650
17630226
5314873
77719854
77915093
71234618
17562216
40694435
19882789
60997215
69214998
38075019
33070452
5711929
1082074
19943747
65239636
34087266
92804765
17425294
1063233
35235911
68231475
79886921
81077515
73312439
73289358
72983177
52384674
5571590
17619041
73940483
10773710
56148561
42732229
755904
48334831
35169403
5123159
5489708
73230737
62641758
67424166
17106707
36622617
90129849
44330829
62144638
17693570
92985950
62367125
62092198
64559662
790933
17645483
34899267
91445723
47878030
49153471
81182078
17498389
17727855
91518894
93591740
90180377
88314846
11015173
5488267
49415439
86343279
92011879
70679926
82459354
58542813
166122
19755384
953268
44756997
917147
88647871
43606888
682269
17089783
271881
89787906
75944135
4421013
86586483
81571260
17511463
59540366
55250847
80230635
19136164
84065819
74713992
13009029
10766058
55792930
43779974
46636927
17273171
19475849
17603106
87699187
83606829
92127909
59116302
71177222
39655526
1003359
5224006
19865203
5555440
132073
79667352
92857532
79226390
60573751
48262232
61926205
31832930
65333330
61677757
17329393
17489153
5390356
5159470
168492
5693904
247951
54612373
79147024
88329583
85063090
61760609
68053254
72068118
17225495
39995574
5243932
43146161
93039602
91641214
37581027
68224131
79119472
44627590
5646643
86897202
32250352
86090739
58641172
18256063
68258697
55439448
155350
62731892
10115246
68598506
68264523
17584013
76676676
67477209
30215901
52839247
44324977
34691055
238748
39816313
49744549
71251449
50064589
61494918
19187145
47477389
91913402
34324654
17532865
1867837
90362307
79971113
38772284
52933660
19229430
47074263
50624034
85988029
5038154
57391214
57794639
81885227
19797337
17389660
17720578
38424019
73060540
13118601
5495388
83594924
81841891
17608230
38260274
38771382
38264033
19191868
5572416
5412550
86286683
50606249
52415094
19477882
17557031
646104
88298057
4857744
80386146
63684606
88423192
424725
128973
77299803
36559586
43242697
78541172
90200183
32342337
91639200
48286954
19429978
74056801
55243190
17089893
35606170
80852145
928851
20028170
35558595
72631486
62040342
50740165
17516539
71030949
58068439
17076417
5357709
91576307
10920280
30620987
17438401
17415691
308994
54741471
17279943
46428131
65218339
17333293
19556161
67160549
896181
48004331
41550291
47778405
9430541
57246216
75884543
10376890
63060639
828519
78365407
65338160
17392306
88369557
65859161
60425323
44595090
47106117
86251911
40544635
77130853
17506889
93052948
82765965
51675650
39624355
19754457
56833963
43661644
36330231
89131094
90183709
81377982
84682822
5009201
51430227
73684653
10729812
92708809
123979
90418110
39764830
48057183
88811986
904388
13083365
5579412
39753049
5026139
5019264
75975548
44212477
17656013
33284421
5569621
17441992
81476245
75793695
5164535
72580667
19285168
19941795
79399694
85572404
57874244
592158
17609419
70693514
35110982
84012350
5160564
470058
708638
110364
19281607
34717005
61251804
5623033
42743786
17696904
87895139
43649638
88530443
134048
93285156
847569
17131748
1098639
54509895
68652169
38968422
10856342
56423436
88519473
51719256
93276546
66915127
93066233
17312429
55906592
91633601
19647935
79049865
46650867
5195551
41590648
36119468
48126035
1017982
64897454
5574436
45012607
17274271
5107888
44556184
73642691
52196266
17611824
77270117
61497279
865068
35501397
52634361
72961774
17586065
53096044
70475236
5620118
164009
70670126
47223490
85060293
151085
90040730
30467845
5188008
54649809
17393237
5312661
72762860
78703562
5072325
17212115
82759435
18076845
34782548
75702054
17294355
51286415
43555110
19684966
90531565
19222075
140840
30739803
47307889
66261910
17514235
19477852
90596265
10216586
67163852
32514284
84963397
5740284
1002063
46634028
35587562
792128
17221931
52202652
81231842
49987470
58546511
892423
76607836
59293436
83004198
42458880
60765932
59077755
17566618
88846982
553001
66459288
64244174
90321497
306365
71486698
41094801
818753
76210434
54831604
958399
75585211
68739690
45623880
67647671
44690089
5457718
89642261
10187372
10653206
40404268
68080081
17552423
68975168
72285776
13051502
93112297
58216075
69365582
67607656
77314821
83516412
90012151
36823498
62257444
30273029
19232862
93311972
49247895
31956455
63905795
30408644
1148482
60483540
75476502
5161718
587097
52576570
41128427
59875249
52921120
90408562
42199835
36318003
36749428
674983
49556039
65728263
17708771
834124
17626173
91946924
42780169
5227563
10601778
875399
73920546
83904711
438315
89320283
40582600
54640623
90443283
67800539
597471
17282764
31806869
10156832
30771239
44191447
59513786
38578972
39810118
43813810
77396538
36905960
51888206
76057680
72890288
55865132
46539593
52048983
17482340
65202194
74956368
5610913
63709920
42206552
17425301
71434997
86111271
5599395
44692133
82756067
19580874
58332777
239824
79543742
89622620
5486230
10266211
939710
19236123
88608096
37516150
60359061
87487586
17496843
17493368
57590698
90493754
88315887
17413678
61786545
10385408
74974749
64745028
279654
5648699
70731662
93094416
45943923
5069246
51671003
44248710
83668563
82286508
77434786
1089659
37871377
19349648
11028082
81129283
849627
78665127
74195686
4416341
39779394
39354216
73909554
19237305
689756
92889137
41263589
17681720
5566728
65436295
38210238
91595013
5179516
89240754
5707966
72066138
19052465
41076789
65681974
93144884
74267586
38555667
57370340
36427970
90610993
92827174
67011871
75854941
66885315
45624745
90327278
89452676
893270
70187821
90151471
84515749
65673847
51917871
87355283
85542545
38436614
5648464
51852320
1030520
35750576
52376952
741659
54598085
65174548
19692782
19681606
57849454
19190668
19119852
53925870
84916659
50668722
17179679
82236058
19543996
82817911
5661245
10576000
92119706
52769347
76903368
69807298
31776142
5506013
39572460
64593384
74279038
67053748
60124354
39787846
876881
33188178
82713953
87547232
52704112
69194604
17277233
54577484
65989628
48210598
84493313
93347353
91722741
19468907
19676758
17062653
83058780
80604586
50009249
5257594
90025577
494242
74400942
57447423
69626802
80722487
30998945
13034222
60838603
48395314
84713591
5633500
58470048
10379770
270741
71393553
19682925
82941042
48475747
198982
17133731
791304
44299926
17616183
5119828
73932761
58369283
950357
32201213
19537638
87594106
34587458
5637118
197539
50321091
49246138
19162334
31089244
92698903
83876645
74719971
48163197
19143507
89048056
49662722
2081709
549128
72232247
85782720
5251371
89511955
53946082
17237276
875689
5174654
38709282
82626463
88487462
450561
866470
56828211
5709070
5403087
81500100
5509924
90149462
61834258
89615647
17752469
47826116
5256947
75821698
89966396
44724145
62381297
88911148
19050878
64347022
87561753
90577635
10613108
66545281
19891362
89542330
48176757
49376170
41356034
82432833
46683242
43160085
45979566
42298417
79227696
85425412
19296564
73858111
539040
32369085
54187536
33719650
19321454
47316412
44824246
17714887
79175756
93192953
192754
52838318
52791347
33451967
942282
17370375
92706164
102562
35822360
19145280
57681955
19076693
87287688
37259678
13105786
395427
69094309
17709076
19039497
82050572
86958180
49655043
5066016
42811913
17701413
19101290
1085191
55271068
91465151
87746349
36191820
792407
58229383
5589612
64456760
17479323
19344237
61179910
88437367
45023939
61352511
89223193
76010790
53740755
68261767
67343397
76028216
86960215
58378158
5529637
725800
69585004
92556499
63201619
10471127
88327868
46894293
5171839
48433086
3961289
605072
93189477
44822935
92877971
17304310
88335022
88051188
48436087
19103806
48446132
5313323
19651132
65049311
73940613
40652293
62148985
5517004
51181034
40922283
19142145
19244073
19074715
53308695
5323843
83628459
43116613
38961876
5565934
70936476
79120305
17143936
17601561
56394305
17421646
58780461
5228153
33913854
75442612
89222683
40753547
5328479
46525296
50407262
83212279
946832
57511678
69259702
84747866
57258773
42498914
41760681
90317165
17116975
5667066
93028392
80772283
758400
77365156
17688078
48660370
42614619
83441582
90441956
90502406
19244683
64473083
43693937
54713972
38087772
19443521
19879435
36478311
53331758
57377201
33147047
68916157
829396
5370416
17632912
19132492
33090478
17423059
5437966
48473528
83585843
67395155
48318628
84579307
5170302
5197921
408956
53452781
17311437
81678919
42905914
38740773
51944327
55304171
81488243
76394080
51345368
17751951
5455569
42860154
88540765
51024077
43974402
5668349
5321388
67247781
91655034
47054023
52100726
86360782
5645442
72745187
11068297
19550729
19635639
60462734
446864
55946309
35687898
77800781
70609419
87655196
14033
17476877
46037582
45848636
80874428
53233205
30145634
81006811
67370120
5448013
67339456
92811665
17430988
71007439
10950788
43527669
70119770
92747750
60140694
5114056
44758813
766348
19726544
2504366
37836113
19474857
47402765
64830395
40386526
32115267
36358491
36274434
689082
80344819
19718496
877213
213424
67104393
65348985
87584962
60366016
5026399
5724959
91596431
36189053
75121960
60768858
69800784
5255507
17069160
50406843
5493995
5022892
19189507
17199910
32212216
51326782
698971
17686174
337758
17149376
985630
132016
36309903
75383625
19839194
50287630
441057
69456923
58571585
56385625
70390497
89291158
338866
53881105
78514128
394376
10253018
72873105
93210261
57484121
76139512
42724633
1213308
77454707
894525
10220592
5254024
5375684
93913988
5339987
5267479
45582939
74981050
67277717
19088950
56874685
75534885
90512000
76020322
60555663
19926905
487387
48735934
263258
5638615
45943958
19735361
62470512
664069
59398291
64611972
774989
88600950
17502014
71286663
5246309
40183607
60988854
34154917
72206916
782729
56738363
50856079
69640744
17412884
17518491
60662401
32301404
64680635
83313625
35594452
665117
72095617
89917009
17359766
60550772
55696149
157712
47257840
431122
74390126
69839250
88757192
17746254
93044703
85236029
17500166
68547602
605372
5451067
70386843
89959524
52390669
19375872
45242460
64597261
45601765
79512013
87703906
71551296
19446681
81209437
37735058
39763875
56953121
71852592
86885051
84503887
53570394
87335430
88434272
52040560
30223493
47878367
38658066
53845577
70330091
482434
17661039
83873611
92807765
19339687
89447308
45746854
5526913
54126507
86736860
1325653
33329872
89414905
17093258
51822019
455392
47944550
38557915
31471250
597591
17525211
43508055
44431051
87005677
92016484
397407
19850504
1108246
54633999
30661471
65513470
45689017
33432915
73983408
86410005
62462721
17519388
63903335
5041371
79559120
60585236
44392941
5314863
19607438
888872
59979969
61039961
72675823
93158648
46963049
301815
80750537
37086299
17725688
32023506
41551049
66928428
19209439
88408538
19708679
72372131
5141994
68972887
41079256
93222462
17246820
36251228
33539701
19732159
19724994
19220570
76747443
67566161
46899143
17166378
5345659
62229497
17401660
902966
87359793
19055299
72601656
90168156
32916046
5158781
15001952
34885615
5261768
40413187
5538857
19664942
90388469
46170392
42421117
5365106
80187579
69298351
231550
42142360
19997776
32407259
39230262
93797267
57003236
86698182
54602516
2878870
41200832
71377145
74765122
19486264
1092877
73120810
17744887
73926680
60921489
17496424
17715274
68655440
42107004
86374426
51227069
51271336
74513347
58308484
90389403
35456649
68270177
116988
45915930
951891
19622410
44020328
10209777
39362172
50437020
13073021
70224318
80527561
37755045
30600256
17419256
33387592
2099848
71907937
19825198
83176506
531640
51525779
105546
30403885
5268315
78699085
46949104
17531618
43382383
45016624
61074859
60909663
93906419
17462325
47176674
77316326
4398572
51406924
43035974
31674945
42250357
19618278
5257116
354897
123742
91722368
43641205
43418880
278650
42677802
34546715
40713703
82716427
62504542
44210045
53232652
90026666
42907903
34023566
112976
19124401
10199932
37852454
10130482
48656564
963323
17364119
60875308
5572152
5141669
5144365
45885176
17093093
47940838
58030117
91630825
17356309
42286288
5487080
69288750
92383948
87315093
5188202
38648267
19785712
59176494
81539263
5103816
56102728
61574002
92960906
52650572
5028987
66466575
37859791
34588834
67082202
87614573
5563960
42451438
10865905
86713937
32698845
82736708
911999
72212863
90009343
91594359
75829821
36864349
19725215
53621629
266515
460133
52031604
53840818
36121456
71281864
80964356
370408
814639
19015085
19109699
85573005
10713429
62958856
55630677
19681029
55855932
858097
664392
55769184
61129568
72390699
70344845
84426503
45086803
123346
36548291
62599775
90145711
166553
55928131
920545
19195898
40426879
59646962
34139515
47886477
38415112
5308021
64312264
47283700
35798731
38168578
5018228
75250593
5464229
266212
61186783
35972085
40446300
17105638
93141593
90486350
50531433
80228557
75437705
58136630
181619
84233258
91513225
87299409
326520
19939654
78419109
4544770
13028301
19745094
77613535
35426765
90313588
71029650
41093405
90387996
10044
5618593
688800
48426488
93505640
39587040
85014916
1054216
34345299
41497497
5023299
90523058
32507287
82879885
17083953
80011446
58380741
690268
234826
67242244
786229
69080215
31934641
68113090
5114750
89834442
53369013
93643328
5498745
80577247
91589215
58795565
17139311
45778196
10938779
65619407
17344907
68405757
60635326
32713011
38143522
55907269
637502
266064
44724687
681719
38965920
5088563
47037950
77107332
42562999
67546356
445278
79803918
40069605
327317
91499599
81815187
44748260
17260517
70636947
45378896
57232371
54288230
80453691
19620748
817164
19115867
89124517
52917349
61169298
56197783
65464787
427524
42059346
242586
53809974
41962182
61466350
84864198
968256
5633038
57356417
699731
72165364
17295202
39553664
30584557
86673839
82478566
291598
74717399
57319585
41400808
79166268
91461921
19457650
37256820
77432897
10483021
88370199
82281406
71083051
88079083
79719111
19458873
5409892
893317
35451428
93765379
92881554
10480983
155704
17608493
956307
48691582
19313222
5064227
469752
10515180
5034191
5686752
17498772
17056483
10456687
51989298
17777123
80096886
5129998
87194043
843960
47730676
43026189
17202749
43905882
30253661
90573770
44027326
91550790
468829
607302
958379
48794889
63503020
17653810
74636720
37028742
39507494
61337807
87620496
93099029
86238431
48873304
647773
69362633
881877
60139359
63706273
80419502
58177443
38993857
43810238
56685131
44488635
5501772
5216085
49732276
86971398
45767322
5595876
17120331
56842150
587403
33026483
39884707
455372
1096919
48383483
92956946
84070359
17280819
75768368
77420131
42588251
31985698
56679687
69898683
57888571
48954984
78157765
39389235
39337368
554289
85195489
66629757
1002515
47998527
91566146
10105556
35809565
81723292
91619347
62352533
91594371
52098489
59598418
19119136
59289573
30645719
17641554
370255
180497
85573871
5211527
46890949
54943634
91558556
53213700
63582274
83829025
92877324
42092502
2457586
31341732
82375924
17364447
10556790
87201004
82163623
19918917
10233549
19565794
33725191
93058675
19923715
71776994
91531034
10531537
35235613
17755962
85599218
17387769
35446516
69805915
17597970
947321
88979740
40910773
31100087
712171
42599177
34368207
77253835
73489795
50736580
45175533
79301095
19277350
90494667
32687198
316818
72661720
79048092
88314044
82063764
58546484
233086
39367975
47858756
42379512
17072873
19107597
17563588
5720106
88458601
5277896
5246941
1388643337
46887459
46811706
56087053
19828381
38444402
53406244
76312438
17461482
31531079
84216983
88603271
19354127
51893169
38668131
5608377
58670919
32184550
36271237
20021360
539432
19580086
76883160
70585490
72886106
45137545
34919334
83692314
74009237
17332406
65264973
40540858
19408694
77147405
65109803
78207296
19637439
37673783
89760310
65032315
72431017
17188085
49959855
55137487
5736391
73262457
56357411
86009311
5648538
66810902
50025799
45938032
84677203
51824228
80346371
17247617
79765835
60619474
63042268
92273256
82990715
45980925
17653632
40170420
68175994
90615551
5416117
19070955
57931891
19245855
1381468617
13088198
92939204
40159755
50451596
32939051
58014042
57477987
45850347
3356954
64726130
72521518
55134228
90362444
67296287
82722752
56477382
19126703
87940832
54895025
54674214
53569806
85864997
52059068
63680107
89882472
5042949
152668
67885072
19524358
5246020
31521367
236321
17651386
79151356
41383302
78590847
19223944
64327296
1053116
251096
31430100
35960872
10534999
82055985
54637180
43388601
10235329
644221
68294743
79010766
59233202
44967251
17604557
19682830
5494404
76215016
17580584
70313683
46862878
17289365
364868
53205447
836565
61995456
43489438
91444978
17737389
72304391
36908857
448892
52871050
33110470
52338782
37826977
71261232
642940
80108510
93118690
93660720
354159
5665581
19080786
42533880
81471247
17448152
19248528
5659255
35683702
43787881
59387707
49054936
65660740
85937177
585017
42380816
74901565
80776905
91912534
619484
54018488
17355856
17310710
30495967
10154813
77969471
597254
71286082
53042679
924319
47202835
49320692
85574592
11019759
58368383
19151030
53904073
42392210
275062
83937361
19125879
71525456
59528806
93091332
69395431
17549870
73256561
87670107
5142877
63038564
58428021
17770612
69134480
793260
90435076
58447468
5205532
90477035
64947190
72211430
59545723
1679318
76081427
5526757
53506135
62395858
45200199
1029289
46857210
479640
176820
79181486
43337070
65570194
5568944
5149154
67909705
31841480
863676
93289770
64848443
46405570
67304203
272492
922257
71859599
62166901
479675
77996816
62986866
91591347
5045015
5158133
17409234
611264
33213423
47850503
17577152
858457
65717268
65102433
93079725
17616196
5640870
76301862
90104041
91543805
388485
1050347
17461144
43551302
81562815
48873166
59276630
58660968
69914856
52350957
34950363
93077761
77627672
49626182
19509015
13063124
52253017
86100473
728020
34714751
77776253
61576067
5031695
37181570
64938771
80820300
70769881
73311586
82358168
79812658
89870497
17463534
1134934
37917037
17488815
77723077
45749929
265990
90184155
88389989
39795494
859352
33857061
59379088
46843341
10514749
69121328
1056845
480256
59098594
11033446
5626578
5454342
34255387
35267143
17701954
65877452
62334350
41004922
136076
33011795
61753405
81278879
74334041
83021202
5008360
19962131
5280307
82292093
60175617
415905
47884861
48587975
91446232
17427676
17452212
17492919
5374287
45369164
80154204
618901
11062385
56774479
17709029
49173958
77719482
82030494
618974
89927124
36292235
19258443
34256825
45994525
19976262
39796693
260729
19253446
30582739
50537927
57841755
78074452
17389696
440078
2894971
41143828
5258822
17230448
86358416
40298564
75045229
31149599
5427353
17369096
49910453
43840673
52244377
81669797
64662371
17722025
87587208
76058696
79249373
13051362
17075272
17431542
591738
35836976
19925817
69006443
10158200
81113604
10315282
67779415
17544075
868028
18132305
72230436
47614473
54252337
34305744
17280202
83072384
17217566
46304259
5070583
92954722
72660240
74972849
91458700
179355
19137470
59613150
5587984
17186676
61288828
85370326
75658319
90610277
19701725
89503955
60277924
50661947
17722075
53829792
444112
84286405
82389471
32631332
433048
52746328
19168644
17119532
32904494
91540460
42263461
54737345
5303467
13128084
10939401
10137949
17186587
4584235
88155800
74993508
83701508
62047591
77644404
78285642
5622543
87891479
19400922
629603
31304915
10865520
73750140
33432266
90390461
47073698
19132754
19830307
17623767
76621858
72326985
38918601
5175539
49672498
56277558
60764191
71140312
67014482
64323961
5313127
59372362
57084263
58445640
17247397
10487
71764261
85834971
38288058
17523423
5560211
30263916
88087473
5133951
87329436
74463943
81497191
46778822
33853898
10575216
74489376
51960870
74210896
5163998
30585323
69816990
38672277
42406990
77415894
72057581
50624112
93028838
322534
67316229
10532308
39354653
10543578
60610261
56439129
17752322
85874850
76166287
75639655
17128933
32734141
80586734
73863555
85774331
5528355
43349835
82976489
41066521
5083630
32472430
36400487
44748035
43659765
59198394
77474456
10459629
17185624
31689735
49047072
853843
503261
91988620
42053447
31561477
49901723
91434382
5046655
44017844
59933770
48051654
40530886
75585574
53968010
52588848
43014280
37245968
75838768
5023161
30853955
36151491
89794644
5537490
80128609
49589148
60277329
5139770
19267839
71565010
57308460
85128776
72260707
82743190
5444304
92862640
36864833
19601110
86695227
57727670
93651337
19284678
55897192
37665461
86367970
5580134
19146860
10559281
45596303
5610822
64347288
34432970
40595243
935033
56988627
3544300
74190630
41215336
88883857
17168978
64545480
74458953
52651278
66667558
19711431
19610103
5384582
71919196
85662132
38926566
71362895
79373313
5027510
69249527
64110009
35329667
46603625
83507854
586500
56398123
44610361
75606607
46792320
17205317
19855308
91627720
5648595
91639800
37444797
56113063
1111345
159868
85335201
70534960
19461232
47301651
79639060
49739105
57910093
36466935
19109851
19268827
986678
67122112
5738435
623756
46721465
63058805
76801291
44256292
70696671
17414531
17688887
19045237
17553549
31194196
5078056
377163
58684622
81880552
5414565
45251738
85450208
2736871
86547176
90533795
645064
44719050
86305236
74521096
10577166
39112770
58390159
71616569
20025036
56428203
10232684
33460844
39454112
624973
19177259
88402388
17066130
50336818
48808188
59419870
83185350
48708933
63048459
76161830
10317092
91570974
69372699
79877474
68257491
5347649
74689101
35768824
89014172
56527628
1042141
17368739
69505751
17661844
33778855
89549271
66101832
84064898
17558172
276906
17768355
79281043
30021964
5051790
65438312
93180573
44205010
79497105
31650412
82696735
90352044
56095797
81549427
5236963
73108695
5578742
17722591
34862286
90053604
53809043
88962073
5130003
769105
19181792
70898885
177896
757641
93064484
70410306
79885119
86796517
81729190
69541583
19177834
54651311
67833332
5125752
17586598
41675186
91466799
35386389
91433470
51917888
19937455
19967651
10751786
33043499
92878274
19619974
17608332
50848922
17089686
49699499
64970686
829346
76831543
174953
19218154
79731502
10805718
37326079
36345309
64331501
50440607
76865746
55412083
87855229
89741178
138961
36646130
93772276
46693144
5413473
19114905
19971018
82513889
5377844
47934801
64034114
17073692
5354536
40295312
19552152
767137
54675137
71629721
39528636
573426
1032331
39457402
30713423
45297017
19801978
39527630
93092492
43878167
58379530
64267083
54066940
17337043
34169277
19763530
5448621
53447224
46694765
92701375
51916456
78077459
83202562
33444960
19430836
86126834
91443605
74259212
84749501
66108791
49719517
89089098
87845873
49647786
39851836
86219027
51909872
90137746
5050513
5556825
58078895
74059174
48842085
79187925
848640
78399951
13034538
79735699
1052333
52577732
291719
88677320
52001676
852263
824960
66309705
13062173
43364242
629718
77019514
83576403
91943073
19422272
77829321
898193
19083077
10907876
31406605
73923703
64575682
71832021
64587986
721248
52418513
88017165
50870841
66341384
69558438
75675768
54977409
54734244
17080872
34947104
31382794
79373576
5728080
19142417
66515190
78298985
43041388
81623962
51912789
17430147
34965549
69452017
5251415
5419454
5139794
19191364
76727143
74612238
46559134
17372241
5189032
93421215
93180134
87418322
817563
51754301
53483156
10631303
19611147
19446971
42257011
17722553
85251705
72437279
81956027
46935126
37987219
65689318
17247105
88415401
77341552
87334717
56435497
90447083
32291412
93126265
41591792
10727673
6381453
32477894
38067053
832721
48207041
19258480
69919600
73011903
960371
45253252
682659
67073383
47160556
34605667
819570
13116127
68632166
67165296
35771361
74040662
19185739
33011381
66172633
5606352
5192543
56691484
91609847
17400045
41441209
85232385
32189090
32643518
72446363
90040916
42989967
77549985
69484619
4635034
5612604
36463368
17109568
51284627
5338564
42524581
67970805
65550720
88728474
45547400
623970
91996806
68519283
369128
19655039
37331300
81124374
68387860
47161462
117800
77022071
79568445
91496500
174686
83958333
56913834
17067023
5111709
77758188
36669171
540441
57471054
408490
887716
77698354
17057406
67897869
1720875
5044655
89918924
91995907
1381651965
19362559
70475635
43664111
57431802
58225983